63 353
883 200
679 948
796 973
915 39
188 196
922 458
151 94
843 572
958 387
285 526
534 468
737 889
566 429
912 297
639 542
412 473
470 663
811 469
967 422
339 841
269 286
586 318
419 966
730 211
506 345
249 355
484 980
861 116
364 313
669 775
506 482
111 318
782 337
117 282
404 860
829 785
449 775
955 369
611 496
382 492
350 828
375 797
512 933
574 76
317 578
268 994
197 980
480 866
524 991
500 432
584 573
569 145
846 822
904 852
935 215
117 954
837 356
755 521
156 527
8 88
917 305
114 135
916 871
881 522
383 135
750 409
895 25
496 882
419 973
916 747
436 213
20 20
162 574
211 707
990 814
188 643
786 294
236 428
869 700
205 577
163 406
626 472
971 767
146 303
859 726
229 545
512 37
108 596
845 619
531 613
287 679
814 684
738 611
31 856
159 924
237 857
206 702
544 865
830 516
545 121
226 122
527 653
90 883
553 980
555 985
126 861
203 96
199 968
75 605
740 483
748 144
854 310
653 199
807 502
423 98
280 243
217 388
968 65
175 877
547 658
550 2
555 160
350 953
149 650
459 889
18 676
731 988
229 815
317 12
279 584
771 979
507 917
715 202
671 756
198 41
11 930
701 746
803 75
94 189
252 119
145 497
709 522
273 654
557 266
526 898
726 528
905 964
789 255
140 124
971 264
574 974
583 533
7 193
780 903
663 285
712 389
288 844
199 24
235 978
45 578
222 614
824 255
866 779
644 295
333 208
341 979
711 412
561 332
803 253
50 708
452 6
146 690
217 967
507 222
855 610
393 29
714 300
761 733
819 489
202 318
337 317
603 999
921 452
2 154
660 783
727 596
842 844
224 718
745 715
663 72
962 544
959 685
676 456
340 216
264 773
245 655
207 716
764 80
627 817
640 339
111 953
811 485
43 182
142 810
774 518
828 358
7 718
790 623
102 229
428 113
598 140
272 568
122 573
842 933
907 772
684 830
55 929
325 495
876 300
709 568
966 650
892 775
172 704
809 208
711 182
856 750
766 500
80 98
557 562
298 262
231 69
148 467
463 518
76 93
305 576
419 740
617 336
361 848
22 916
523 347
284 365
648 799
38 735
210 630
927 839
255 645
987 697
923 764
171 949
877 302
877 51
656 922
366 612
277 828
552 229
480 676
215 984
737 162
646 613
312 657
330 807
796 916
650 300
435 934
253 533
999 87
696 40
222 605
104 606
470 548
428 750
781 326
737 379
653 490
858 508
380 476
878 387
35 722
839 195
539 764
13 333
922 180
402 979
801 898
794 257
368 850
515 658
352 337
40 822
279 411
620 497
452 65
888 252
273 269
143 442
584 691
614 862
638 948
592 515
308 137
742 352
841 681
554 41
69 206
787 794
652 894
18 589
480 961
819 676
870 199
204 835
588 201
158 170
598 996
407 394
690 596
856 663
887 505
727 572
801 319
468 238
992 696
801 127
986 712
689 418
1000 546
757 758
593 937
142 523
312 299
202 614
150 66
492 587
211 765
262 411
196 791
554 632
549 450
854 424
336 743
159 271
217 767
167 306
270 709
862 452
242 688
864 196
875 308
114 496
380 756
376 39
308 940
819 889
269 912
603 266
69 66
893 992
697 6
829 508
76 387
441 766
703 326
722 389
587 637
995 85
943 565
480 376
431 916
306 267
316 769
540 505
332 150
609 679
346 912
12 280
119 451
968 994
807 114
611 430
861 309
130 665
529 95
851 151
276 776
509 648
853 934
28 798
201 505
786 301
874 269
612 596
331 24
495 213
999 216
30 921
256 279
511 578
554 116
690 833
97 163
21 763
46 638
864 83
825 157
920 143
646 455
220 490
860 984
766 115
987 722
529 391
813 49
164 677
527 166
890 693
760 341
10 145
695 179
261 158
129 722
514 282
351 903
345 188
305 739
813 649
479 307
417 420
480 897
457 176
649 310
886 118
745 595
788 694
643 763
604 417
144 942
180 272
284 955
291 314
996 9
789 172
903 503
682 239
305 773
681 957
359 813
974 532
372 999
250 143
832 70
846 384
493 490
738 940
665 515
313 728
896 691
65 206
199 540
963 207
37 157
355 177
580 996
298 619
575 695
788 227
991 37
506 530
375 588
93 433
6 532
532 995
807 209
915 177
266 455
880 989
278 887
24 962
667 520
92 849
255 492
632 627
83 999
982 195
99 149
407 894
688 831
164 924
566 342
950 861
605 246
777 942
464 468
242 275
209 8
564 895
765 353
418 16
184 786
275 552
771 449
402 642
469 112
214 800
844 309
828 333
126 559
760 757
975 292
317 896
185 401
555 191
423 895
121 216
558 926
735 33
874 665
86 767
792 435
572 41
679 218
852 983
169 994
819 852
586 587
191 738
334 906
873 134
22 207
143 522
607 75
634 273
318 525
711 287
826 608
733 474
531 871
587 267
57 336
398 586
507 324
935 367
910 461
28 522
903 500
593 374
197 689
780 435
626 784
175 810
73 10
717 864
98 482
199 543
419 837
121 354
995 311
525 831
923 300
460 603
408 644
59 53
418 334
245 324
387 554
287 953
624 909
16 770
549 725
903 217
109 100
938 109
712 984
466 913
753 128
980 873
793 763
762 898
254 867
932 48
569 88
524 96
119 704
818 687
560 830
913 676
836 503
513 886
325 193
7 175
721 421
30 628
457 809
291 41
872 101
779 678
923 246
265 795
96 179
487 550
812 543
91 768
620 560
566 330
77 115
286 943
182 709
528 234
505 334
987 827
601 916
880 627
193 45
294 783
52 477
491 373
326 448
342 475
627 653
14 267
847 642
108 76
408 595
102 980
694 360
196 205
991 728
895 400
937 710
618 435
938 521
119 525
642 862
582 542
535 92
391 392
196 3
262 114
156 901
76 220
638 465
670 352
994 21
408 405
597 813
717 618
154 126
388 734
673 21
538 801
515 122
460 491
958 57
531 526
414 205
637 286
922 426
21 1000
729 802
261 954
287 551
301 205
366 953
342 505
981 510
513 2
833 285
873 283
328 370
276 299
459 429
608 543
408 754
948 291
432 343
490 824
46 454
525 288
283 262
624 61
761 690
303 641
300 370
934 967
461 91
329 655
43 838
237 160
514 873
23 982
117 476
434 894
783 506
970 739
954 969
109 234
112 113
890 902
912 484
753 158
443 738
859 137
106 425
992 178
772 58
992 596
115 554
761 579
663 374
623 12
304 473
337 317
311 663
971 673
934 572
301 299
651 79
321 382
449 569
583 155
16 844
782 923
16 727
679 597
77 167
226 353
874 534
195 834
684 670
802 181
816 9
868 887
421 575
935 815
826 72
683 55
981 363
890 801
29 243
116 469
467 467
889 178
329 19
195 230
554 463
99 840
874 143
253 549
748 251
220 235
639 609
647 204
364 477
440 888
622 18
829 248
600 868
11 674
615 542
426 595
51 545
273 911
185 443
326 714
319 222
113 418
95 90
971 475
368 695
428 862
244 705
504 35
423 445
236 820
246 486
45 557
420 797
387 708
785 36
4 276
825 611
836 654
293 274
37 735
626 843
93 145
858 46
986 550
776 130
945 927
468 195
644 196
623 299
140 855
707 890
449 155
655 237
814 367
772 660
892 756
71 715
8 988
111 287
954 333
412 988
576 73
297 57
350 216
298 445
723 505
139 265
652 139
631 629
376 805
769 286
298 843
521 447
409 513
477 814
386 679
544 660
983 257
529 771
595 886
729 713
758 933
350 90
165 795
410 266
147 228
945 421
951 443
501 597
260 224
761 384
864 400
973 648
453 309
68 617
204 723
248 321
205 885
24 504
945 434
265 778
258 832
416 43
860 525
265 175
827 493
69 800
90 321
645 255
720 549
121 317
274 494
862 859
474 227
617 456
250 857
622 423
225 640
572 36
606 989
19 53
258 689
419 460
64 78
204 554
448 5
240 374
255 582
150 804
825 853
25 858
191 347
73 443
775 755
142 802
854 438
403 285
974 47
407 164
208 989
660 91
977 130
771 44
486 549
538 916
507 1000
974 188
649 810
559 161
816 191
900 24
483 330
664 863
940 405
735 516
648 279
60 514
992 629
827 959
521 832
555 39
845 683
579 121
110 449
102 551
123 438
927 675
239 333
440 565
554 356
776 30
796 807
833 719
995 631
288 457
921 887
575 598
274 292
189 367
270 84
479 94
387 437
782 978
653 66
803 898
846 943
585 165
89 667
732 648
213 460
896 832
176 398
701 631
66 218
300 974
293 119
397 507
594 581
419 32
909 503
97 784
71 67
837 325
907 259
523 705
21 871
47 309
462 951
76 964
444 765
416 626
177 571
314 246
125 667
522 821
420 94
973 710
913 760
836 160
614 201
853 721
993 712
586 288
727 703
205 730
771 878
485 404
204 209
673 299
363 317
456 393
8 215
965 164
275 652
126 650
968 382
430 332
280 371
681 49
779 4
324 984
679 698
299 612
584 850
215 157
800 267
76 216
723 869
818 919
905 856
976 398
505 488
892 829
170 601
776 89
131 505
6 625
960 25
352 863
283 709
319 616
736 534
940 720
372 636
898 400
521 254
825 730
988 512
314 906
162 173
568 83
167 719
18 884
139 857
456 574
197 827
813 960
648 74
184 678
450 701
512 548
549 283
387 757
438 746
702 725
534 874
507 238
73 815
809 374
428 398
373 974
676 16
902 745
839 58
663 42
640 923
494 328
662 901
554 214
205 847
757 691
80 107
904 105
150 233
60 491
563 268
625 774
984 646
116 124
549 13
463 434
381 772
512 695
900 990
900 153
701 323
725 251
554 183
544 429
795 614
550 205
886 93
429 858
241 374
14 934
230 190
83 488
422 49
136 399
377 797
791 973
541 909
221 932
761 702
328 99
797 999
451 836
260 135
192 732
485 244
42 937
684 49
302 522
401 847
944 917
825 466
887 426
790 118
776 966
880 508
988 712
256 88
719 702
177 758
695 253
369 243
402 481
507 767
286 208
391 657
89 778
922 875
548 98
761 692
771 229
695 171
162 717
929 152
797 985
245 255
290 188
155 536
343 660
645 473
790 547
172 971
927 833
181 728
895 637
176 392
880 427
906 889
172 72
633 397
683 374
795 736
620 913
338 454
86 337
437 506
88 556
808 710
312 281
148 703
451 658
916 127
526 627
478 661
468 983
6 758
684 284
889 824
476 49
720 362
903 362
275 851
691 122
510 136
526 470
696 714
261 915
286 803
652 851
495 1000
182 247
71 560
171 122
611 306
342 415
543 389
322 969
487 799
207 226
404 175
104 541
277 657
85 200
604 553
607 994
815 429
836 182
119 216
671 988
774 884
592 248
334 360
24 900
779 984
35 279
928 738
773 714
591 801
315 684
326 736
424 768
278 448
78 680
430 258
932 801
488 416
848 30
640 21
207 275
544 213
913 295
574 330
617 405
515 930
351 806
198 838
687 886
330 317
491 631
739 675
337 264
24 361
814 989
17 846
60 479
738 326
981 439
386 348
806 931
382 856
673 811
615 379
50 432
439 233
935 674
664 336
656 622
17 338
867 971
543 89
235 274
25 687
269 493
923 816
71 665
24 42
51 868
87 858
984 835
785 731
26 258
948 460
931 831
634 599
295 662
433 988
879 230
526 4
693 357
888 124
394 413
241 613
38 195
500 372
991 176
502 552
355 911
865 143
739 515
489 440
238 694
221 921
116 171
193 814
878 395
800 875
405 605
590 900
962 17
981 868
42 928
491 126
900 96
922 859
630 977
877 175
362 162
655 125
190 575
564 474
387 220
61 211
286 763
120 201
348 196
710 873
694 96
463 764
51 687
166 502
623 927
675 497
368 322
757 916
15 549
258 857
513 377
873 351
729 381
542 623
510 206
22 554
221 960
954 549
183 8
219 438
403 876
677 990
166 923
744 231
994 944
12 614
32 620
191 808
860 381
105 131
721 558
729 28
624 138
849 216
977 757
840 735
335 926
903 920
78 621
736 274
328 398
417 285
616 641
230 379
316 992
627 342
669 99
16 976
21 236
310 203
98 543
252 558
900 331
547 988
341 133
20 313
433 986
704 725
707 992
496 722
403 145
442 913
149 886
762 767
171 989
827 104
60 532
239 897
12 39
605 651
358 504
743 64
901 48
837 758
498 780
637 885
605 960
175 254
438 966
695 518
277 220
790 882
718 813
806 901
943 531
786 713
752 165
965 337
125 370
500 665
40 284
812 462
532 216
701 199
591 880
922 143
105 968
854 851
953 455
47 919
910 307
648 662
187 186
144 862
780 957
596 20
506 842
785 166
357 616
14 803
15 209
175 721
815 338
249 792
916 405
973 853
811 550
553 591
720 966
452 165
596 30
993 482
865 431
436 814
228 600
464 460
573 64
108 546
97 679
479 112
189 457
570 728
537 426
598 94
410 643
785 489
819 604
704 462
830 985
330 778
157 664
223 965
434 990
372 378
176 29
988 509
618 833
317 542
453 880
602 119
809 558
760 175
988 306
437 588
620 797
711 396
846 799
887 904
923 535
498 812
723 989
311 618
521 107
167 313
165 420
667 443
872 23
155 383
10 325
359 918
209 66
62 163
865 875
147 708
884 429
489 678
654 158
6 752
108 925
401 619
77 906
279 859
516 323
179 387
45 526
87 556
919 616
531 516
271 460
460 647
126 210
466 742
387 124
962 229
85 593
773 211
345 221
530 498
276 74
461 253
346 767
620 426
199 706
930 364
443 574
142 582
771 350
661 153
580 132
195 554
873 821
292 425
819 651
999 842
8 895
637 347
10 813
418 373
372 156
33 365
285 881
404 549
684 495
556 185
875 361
107 618
622 800
244 249
324 523
862 108
369 332
538 426
801 37
99 961
678 463
417 90
487 386
498 179
288 262
831 127
717 221
644 833
596 605
529 379
923 157
760 17
310 806
946 249
25 491
518 57
454 788
729 208
865 756
97 753
246 988
966 991
408 766
814 778
466 453
968 667
339 386
670 803
182 149
62 319
910 275
300 344
47 46
48 686
935 656
351 21
775 659
528 810
965 116
364 544
820 154
269 335
473 563
514 419
339 819
253 789
587 942
898 567
890 947
126 236
155 966
962 816
528 115
32 576
838 234
794 43
400 501
367 191
967 434
609 720
170 212
624 636
881 249
751 995
654 105
514 919
760 31
978 475
751 447
175 911
211 236
945 639
274 682
617 955
26 952
316 637
657 522
29 35
220 731
40 731
830 614
308 362
526 585
502 580
727 829
996 548
819 759
26 808
346 573
427 584
741 793
228 894
710 443
85 127
832 459
219 618
190 15
700 507
132 100
703 982
621 686
715 617
359 319
507 476
297 259
158 41
996 428
806 519
91 645
64 553
882 475
683 53
283 308
119 34
379 373
101 858
412 380
891 786
831 389
660 588
376 286
458 34
603 339
238 583
202 399
621 187
372 562
589 270
964 884
785 473
914 939
660 729
266 848
495 739
811 533
818 778
577 135
677 974
826 117
668 909
105 778
583 353
596 497
649 642
935 659
172 790
176 35
604 774
123 205
193 159
421 84
85 18
412 926
614 886
822 746
231 418
625 713
691 7
475 745
367 549
915 647
452 1
525 595
677 660
874 452
438 292
400 381
380 957
149 567
394 609
120 451
316 297
121 585
260 55
600 401
657 734
592 342
56 436
592 676
872 782
98 413
686 907
935 41
6 608
610 935
262 346
210 429
134 276
773 706
279 501
459 169
373 390
775 63
376 844
741 36
32 328
371 362
251 734
97 4
595 900
723 805
265 685
313 148
436 72
748 100
244 845
630 273
25 15
182 210
321 469
426 528
619 237
848 34
842 266
991 47
817 182
850 777
419 527
504 692
736 870
560 770
366 357
515 344
385 511
931 628
447 542
981 966
790 793
779 639
171 298
799 698
561 230
933 688
200 890
446 537
880 482
22 578
675 65
817 639
897 287
727 864
809 572
853 905
313 478
801 292
331 692
59 667
491 138
942 741
257 223
238 253
518 93
146 809
615 333
765 68
777 76
14 826
807 498
673 675
71 129
201 530
775 210
789 172
202 921
949 453
454 658
456 657
79 952
609 176
319 540
973 734
227 908
300 536
231 871
427 129
673 718
171 110
423 147
560 569
63 938
273 580
92 257
573 24
619 121
247 95
177 746
122 500
950 884
278 377
829 94
675 10
537 179
125 635
28 3
304 865
420 663
295 934
960 255
936 463
681 886
64 664
607 206
400 789
541 381
940 3
328 131
324 703
866 789
8 279
695 544
920 922
194 132
535 347
457 894
673 793
426 504
930 566
527 970
763 752
148 807
845 891
433 976
799 514
780 243
265 441
993 441
209 164
566 269
523 312
593 35
81 450
295 843
71 922
334 36
114 231
440 814
599 729
130 507
403 727
504 524
242 161
667 678
363 476
879 473
855 575
843 164
793 648
945 624
2 891
911 1000
324 139
694 366
36 743
236 879
391 684
28 14
831 615
455 618
531 879
740 227
386 165
732 854
974 745
910 219
663 669
174 574
673 381
429 335
446 394
317 815
852 498
148 746
697 765
560 15
300 850
155 738
589 359
331 539
948 529
797 12
268 359
270 820
229 207
656 255
382 296
285 668
93 755
931 334
221 141
737 768
749 248
848 589
26 802
322 732
983 519
975 204
815 573
831 297
971 576
69 104
342 289
727 94
326 908
561 975
773 243
985 654
851 260
517 328
787 416
854 402
451 888
734 107
902 251
547 778
278 36
399 486
748 173
898 330
598 658
51 270
78 826
159 16
510 242
909 378
962 472
262 481
138 936
645 393
148 44
189 319
813 124
136 244
77 933
574 646
932 993
756 744
263 42
525 258
339 153
596 763
655 895
592 600
646 976
154 55
645 695
212 51
508 749
139 473
154 344
335 21
958 676
543 426
50 154
340 79
926 440
567 929
933 465
500 428
779 398
147 420
821 277
607 171
212 19
539 529
559 139
195 958
70 858
124 697
510 9
363 919
142 378
550 168
340 602
470 263
661 905
566 998
264 604
8 66
448 401
735 856
104 170
235 699
255 105
640 723
288 626
72 435
455 345
707 57
725 125
463 482
730 780
964 279
127 159
792 810
64 5
128 893
259 880
971 786
905 760
512 329
990 195
610 382
676 285
620 755
749 88
472 26
658 88
230 11
399 505
969 120
636 477
923 350
438 783
191 919
413 247
201 579
506 17
348 912
184 599
147 162
938 625
438 40
450 943
327 751
846 542
61 693
960 87
385 660
665 435
466 505
289 663
730 885
169 656
857 637
462 665
411 958
316 419
602 474
905 699
204 557
119 464
774 947
313 615
714 693
107 483
954 632
122 311
939 843
968 381
878 600
568 177
659 831
678 44
637 288
33 181
342 343
529 804
322 662
80 415
504 487
914 74
214 746
671 293
650 511
386 534
236 694
105 654
214 525
339 975
479 792
446 28
790 106
252 600
451 512
802 88
675 283
869 660
788 994
88 316
305 611
371 385
216 84
435 188
62 811
664 50
442 223
452 30
852 791
966 72
600 642
293 663
249 551
345 333
992 375
974 541
753 903
519 357
667 475
371 839
681 22
994 995
378 939
696 141
387 320
175 399
735 270
215 80
273 283
102 677
995 916
392 544
451 637
550 584
981 90
820 919
936 746
330 209
240 553
447 174
965 149
874 421
598 312
189 719
396 124
217 802
165 399
218 378
606 114
420 901
249 867
101 644
288 604
954 204
730 185
753 155
993 274
225 973
536 984
195 243
987 695
12 842
1 499
908 580
136 724
7 170
74 626
748 855
98 85
471 949
721 784
257 582
952 542
967 163
306 197
399 985
74 975
585 755
806 178
443 909
676 149
405 784
163 841
96 909
826 990
246 730
928 634
447 652
977 181
858 966
704 668
772 202
323 89
887 406
922 177
121 76
668 825
293 371
36 196
698 536
151 6
150 917
170 540
166 735
760 798
675 629
156 389
859 494
37 769
826 541
822 448
907 664
829 993
866 926
904 992
839 996
610 544
467 435
275 209
950 516
555 889
582 299
420 259
228 145
918 864
192 786
297 79
368 228
663 379
361 240
918 498
189 491
14 745
842 236
690 963
966 540
305 577
338 474
59 18
347 778
684 428
597 962
960 942
295 612
276 342
885 758
239 539
312 385
137 810
939 773
596 570
599 598
423 843
714 452
920 312
734 544
704 212
523 386
43 523
646 38
580 284
93 808
293 22
263 650
107 835
588 711
666 684
246 317
192 64
137 363
804 228
510 10
493 476
206 416
547 59
206 398
96 263
320 798
19 565
486 394
842 913
243 578
802 986
517 826
615 317
71 270
177 849
17 902
838 679
619 995
620 983
272 32
502 501
702 392
1000 661
803 652
879 685
549 806
621 36
251 81
818 516
426 617
551 733
675 881
117 174
303 833
255 311
353 365
480 625
299 86
63 510
76 647
953 762
565 674
973 886
700 726
647 581
73 395
34 725
569 993
391 99
898 108
934 323
603 309
681 849
964 187
196 83
353 916
273 596
881 45
324 837
880 388
841 942
516 612
465 699
215 130
747 859
385 589
305 318
199 467
77 370
270 801
419 362
740 567
971 737
316 742
242 571
692 967
94 234
119 51
904 625
892 979
68 908
118 867
627 47
328 644
903 530
222 565
584 884
477 542
661 536
746 719
728 802
520 578
983 658
375 568
406 787
362 784
797 790
969 543
15 461
348 215
365 761
776 351
369 386
486 412
238 728
990 606
348 753
386 447
582 527
225 444
859 176
782 74
590 895
148 411
264 864
496 736
68 410
924 687
685 558
280 103
485 756
621 105
469 933
473 367
625 74
420 18
102 498
272 445
919 979
563 418
613 623
909 673
291 751
109 536
142 859
399 916
811 694
745 62
529 926
203 765
933 33
799 737
379 162
189 687
636 573
631 20
996 442
270 395
685 397
23 531
81 87
845 214
186 44
398 841
694 529
100 5
910 742
364 304
713 738
48 143
731 328
433 49
719 967
907 32
773 246
388 512
727 535
629 283
964 234
717 118
44 618
58 122
523 441
854 760
574 894
432 20
660 859
624 162
620 373
67 58
225 952
37 69
485 485
475 369
935 648
297 949
264 338
518 171
312 8
720 770
494 382
236 908
893 597
937 781
608 706
957 11
797 201
250 347
582 307
275 556
344 501
787 619
32 443
334 867
777 487
768 116
361 79
886 833
940 625
956 417
898 257
307 36
715 970
766 883
244 477
142 804
730 31
204 385
864 844
733 192
112 165
799 325
988 397
13 89
902 117
273 251
739 113
217 814
260 904
353 455
713 623
